4294967278,132
4294967278,131
4294967278,130
4294967278,129
4294967278,128
4294967278,127
4294967278,126
4294967278,125
4294967278,124
4294967278,123
4294967278,122
4294967278,121
4294967278,120
4294967278,119
4294967278,118
4294967278,117
4294967278,116
4294967278,115
4294967278,114
4294967278,113
4294967278,112
4294967278,111
4294967278,110
4294967278,109
4294967278,108
4294967278,107
4294967278,106
4294967278,105
4294967278,104
4294967278,103
4294967278,102
4294967278,101
4294967278,100
4294967278,99
4294967278,98
4294967278,97
4294967278,96
4294967278,95
4294967278,94
4294967278,93
4294967278,92
4294967278,91
4294967278,90
4294967278,89
4294967278,87
4294967278,86
4294967278,85
4294967278,84
4294967278,83
4294967278,82
4294967278,81
4294967278,80
4294967278,79
4294967278,78
4294967278,77
4294967278,76
4294967278,75
4294967278,74
4294967278,73
4294967278,72
4294967278,71
4294967278,70
4294967278,69
4294967278,68
4294967278,67
4294967278,66
4294967278,65
4294967278,64
4294967278,63
4294967278,62
4294967278,61
4294967278,60
4294967278,59
4294967278,58
4294967278,57
4294967278,56
4294967278,55
4294967278,54
4294967278,53
4294967278,52
4294967278,51
4294967278,50
4294967278,49
4294967278,48
4294967278,47
4294967278,46
4294967278,45
4294967278,44
4294967278,43
4294967278,42
4294967278,41
4294967278,40
4294967278,39
4294967278,38
4294967279,22
4294967279,19
4294967279,15
4294967279,14
4294967279,12
4294967279,11
4294967279,10
4294967279,9
4294967279,8
4294967279,7
4294967279,6
4294967279,5
4294967279,4
4294967278,326
4294967278,323
4294967278,321
4294967278,320
4294967279,309
4294967279,307
4294967279,304
4294967279,303
4294967279,302
4294967279,34
4294967279,33
4294967279,32
4294967279,31
4294967279,30
4294967279,29
4294967279,28
4294967279,27
4294967279,26
4294967279,25
4294967279,284
4294967278,286
4294967294,430
4294967279,275
4294967279,257
4294967294,1241
4294967279,436
4294967279,435
4294967278,379
4294967279,434
13,5
13,4
13,3
13,2
13,1
4294967279,433
4294967279,252
4294967279,249
4294967279,251
4294967294,1242
4294967279,244
4294967279,247
4294967279,243
4294967279,238
4294967279,241
4294967279,234
4294967279,233
4294967294,163
4294967294,1074
4294967294,1069
4294967294,1158
4294967294,170
4294967279,229
4294967278,226
4294967279,226
4294967279,222
4294967294,1243
4294967279,216
4294967279,219
4294967279,280
4294967279,213
4294967279,432
4294967278,378
4294967279,431
4294967294,406
4294967294,167
4294967294,402
4294967294,111
4294967279,210
4294967279,430
4294967279,429
4294967278,377
4294967279,209
4294967279,207
4294967278,376
4294967278,205
4294967279,204
4294967279,428
4294967278,202
4294967279,203
4294967279,201
4294967278,375
4294967278,199
4294967279,200
4294967279,198
4294967279,427
4294967278,196
4294967279,195
4294967278,374
4294967278,189
4294967279,190
4294967279,189
4294967279,187
4294967278,187
4294967279,188
4294967278,186
4294967279,186
4294967279,184
4294967279,426
4294967279,181
4294967279,180
4294967294,480
4294967279,178
4294967279,175
4294967278,171
4294967293,131
4294967293,130
4294967293,129
4294967293,128
4294967293,127
4294967293,126
4294967293,125
4294967293,124
4294967293,123
4294967293,122
4294967293,121
4294967293,120
4294967293,119
4294967293,118
4294967293,117
4294967293,116
4294967293,115
4294967293,114
4294967293,113
4294967293,112
4294967293,111
4294967293,110
4294967293,109
4294967293,108
4294967293,107
4294967293,106
4294967293,105
4294967293,104
4294967293,103
4294967293,102
4294967293,101
4294967293,100
4294967293,99
4294967293,98
4294967293,97
4294967293,96
4294967293,95
4294967293,94
4294967293,93
4294967293,92
4294967293,91
4294967293,90
4294967293,89
4294967293,87
4294967293,86
4294967293,85
4294967293,84
4294967293,83
4294967293,82
4294967293,81
4294967293,80
4294967293,79
4294967293,78
4294967293,77
4294967293,76
4294967293,75
4294967293,74
4294967293,73
4294967293,72
4294967293,71
4294967293,70
4294967293,69
4294967293,68
4294967293,67
4294967293,66
4294967293,65
4294967293,64
4294967293,63
4294967293,62
4294967293,61
4294967293,60
4294967293,59
4294967293,58
4294967293,57
4294967293,56
4294967293,55
4294967293,54
4294967293,53
4294967293,52
4294967293,51
4294967293,50
4294967293,49
4294967293,48
4294967293,47
4294967293,46
4294967293,45
4294967293,44
4294967293,43
4294967293,42
4294967293,41
4294967293,40
4294967293,39
4294967293,38
4294967293,37
4294967293,36
4294967293,35
4294967293,34
4294967293,33
4294967293,32
4294967293,31
4294967293,30
4294967293,29
4294967293,28
4294967293,27
4294967293,26
4294967293,25
4294967293,24
4294967293,23
4294967293,22
4294967293,21
4294967293,20
4294967293,19
4294967293,18
4294967293,17
4294967293,16
4294967293,15
4294967293,14
4294967293,13
4294967293,12
4294967293,11
4294967293,10
4294967293,9
4294967293,8
4294967293,7
4294967293,6
4294967293,5
4294967293,4
4294967293,3
4294967279,78
4294967279,77
4294967279,76
